           3           4   21.000000    
         0.0000         0.0000         6.0000        12.0000
        12.0000         0.0000         6.0000        12.0000
         6.0000        12.0000        21.0000        12.0000
      7214.9077     -3805.2349     17183.7969     -7214.9077      3805.2349     33868.7852
    -10542.6260     -3798.5793     17139.1504     10542.6260      3798.5793     33824.1367
    -17757.5332     -2979.3770     29807.0840     17757.5332      2979.3770     14883.5752
         0.0000         0.0000         0.0000        -0.0003         0.0000         0.0019
         0.0000         0.0000         0.0000        -0.0003         0.0000         0.0019
        -0.0003         0.0000         0.0019         0.0000         0.0000         0.0000
              1         0.0000         0.0000    -32500.0000
              3         0.0000         0.0000    -97500.0000
              1         6.0000        12.0000    -32500.0000
              3         6.0000        12.0000     97500.0000
